0 0
1 0
2 7
3 9
4 9
5 19
6 19
7 23
8 24
9 26
10 30
11 34
12 36
13 36
14 36
15 36
16 40
17 42
18 46
19 50
20 53
21 53
22 54
23 54
24 56
25 61
26 62
27 62
28 63
29 64
30 72
31 73
32 75
33 77
34 79
35 79
36 88
37 91
38 91
39 96
40 98
41 102
42 105
43 106
44 107
45 119
46 126
47 126
48 127
49 127
50 128
51 129
52 135
53 137
54 140
55 141
56 145
57 149
58 149
59 150
60 150
61 150
62 152
63 154
64 154
65 156
66 164
67 169
68 170
69 170
70 175
71 178
72 179
73 180
74 185
75 190
76 190
77 199
78 199
79 203
80 205
81 206
82 206
83 211
84 211
85 213
86 217
87 220
88 226
89 226
90 230
91 235
92 241
93 241
94 242
95 243
96 245
97 247
98 255
99 255
