0 53
1 190
2 19
3 79
4 206
5 26
6 203
7 242
8 54
9 91
10 185
11 96
12 128
13 46
14 170
15 127
16 245
17 106
18 24
19 61
20 226
21 56
22 235
23 152
24 79
25 241
26 180
27 77
28 211
29 73
30 211
31 9
32 7
33 230
34 88
35 213
36 0
37 36
38 199
39 54
40 127
41 129
42 150
43 255
44 175
45 64
46 126
47 164
48 170
49 150
50 226
51 140
52 206
53 205
54 36
55 30
56 190
57 217
58 107
59 145
60 34
61 62
62 154
63 42
64 36
65 243
66 255
67 36
68 23
69 199
70 91
71 150
72 72
73 241
74 149
75 247
76 50
77 19
78 156
79 220
80 169
81 126
82 105
83 119
84 75
85 141
86 149
87 9
88 102
89 0
90 154
91 137
92 62
93 53
94 179
95 98
96 40
97 178
98 135
99 63
